# 2013 52 0
# 2014 64 1
# 2015 49 2
# 2016 47 3
# 2017 32 4
# 2018 44 5
# 2019 21 6
# 2020 30 7
# 2021 21 8
# 2022 22 9
# 2023 17 10
# 2024 9 11
# 2025 15 12
# 2026 8 13
1 0 2
6 0 1
5 1 1
1 2 1
2 2 1
3 2 1
3 3 2
4 3 1
13 4 1
8 5 1
4 6 1
2 7 1
5 8 1
3 9 1
10 10 2
7 11 1
7 12 1
0 13 3
12 13 1
1 14 1
2 15 1
1 16 1
7 17 1
9 18 1
1 19 3
3 19 2
5 19 1
9 19 1
10 19 1
2 20 1
1 21 2
10 22 1
0 23 1
1 23 1
1 24 1
5 24 1
10 24 1
9 25 1
4 26 1
5 27 1
9 27 1
1 28 1
5 29 1
10 29 1
12 29 1
5 30 1
3 31 1
3 32 1
2 33 1
8 34 1
7 35 1
13 36 1
5 37 1
2 38 2
0 39 1
4 40 1
11 40 1
9 41 1
6 42 1
6 43 1
3 44 1
0 45 1
1 45 2
2 45 1
5 45 1
5 46 1
13 47 1
7 48 1
2 49 1
4 49 1
1 50 1
13 51 1
0 52 1
5 53 2
6 53 1
12 54 1
3 55 1
8 56 1
1 57 1
8 58 1
6 59 1
7 60 1
7 61 1
10 62 1
0 63 1
2 64 1
2 65 1
8 66 1
0 67 1
0 68 1
0 69 1
2 70 1
13 71 1
0 72 1
0 73 1
10 73 1
7 74 1
0 75 3
1 75 9
2 75 3
3 75 4
4 75 3
5 75 5
6 75 2
8 75 2
9 75 2
10 75 1
4 76 1
11 77 1
3 78 1
5 78 1
7 79 1
9 80 1
5 81 1
10 82 1
0 83 1
1 83 1
9 84 1
7 85 1
0 86 2
1 86 8
2 86 4
3 86 4
4 86 3
5 86 6
6 86 1
7 86 3
9 86 3
12 86 2
9 87 1
1 88 1
4 89 1
4 90 1
8 91 1
9 91 1
9 92 1
13 93 1
6 94 1
1 95 1
7 96 1
0 97 1
2 98 1
4 99 1
1 100 1
3 101 1
1 102 1
1 103 1
4 104 1
0 105 2
4 106 1
1 107 1
5 108 1
2 109 2
1 110 1
2 111 2
0 112 2
2 112 2
3 112 4
8 112 1
10 112 1
12 113 1
11 114 1
3 115 1
0 116 1
1 117 1
2 117 1
3 117 1
7 117 1
8 118 1
7 119 1
2 120 2
3 121 2
6 121 1
4 122 1
1 123 1
2 123 1
7 124 1
1 125 1
1 126 1
11 127 1
4 128 1
5 129 1
5 130 1
8 131 1
0 132 2
7 133 2
13 134 1
0 135 1
3 136 1
11 137 1
4 138 1
6 138 1
7 139 1
6 140 1
3 141 1
12 142 1
1 143 1
9 143 1
12 143 1
1 144 1
7 145 1
6 146 1
10 147 1
8 148 1
0 149 1
9 150 1
3 151 1
6 152 1
9 153 1
2 154 1
3 154 1
5 154 1
4 155 1
5 156 1
5 157 1
0 158 1
3 158 1
5 158 1
3 159 1
1 160 1
4 161 1
4 162 1
0 163 3
3 163 1
10 164 1
10 165 1
4 166 1
6 167 1
8 167 1
7 168 1
0 169 1
9 170 1
1 171 1
7 172 1
8 173 1
8 174 1
2 175 2
5 176 1
7 177 1
0 178 2
3 178 1
10 178 1
2 179 1
7 180 1
6 181 1
2 182 2
10 183 1
12 184 1
6 185 1
12 186 1
3 187 1
2 188 1
11 188 1
5 189 1
0 190 2
1 191 2
1 192 1
7 193 1
9 194 1
3 195 1
8 196 1
1 197 1
2 198 1
1 199 1
2 200 1
0 201 1
5 201 2
9 202 1
4 203 1
2 204 1
7 205 1
8 206 1
5 207 1
8 208 1
1 209 1
7 209 1
3 210 1
7 211 1
9 212 1
1 213 2
2 213 2
3 213 1
13 214 1
11 215 1
3 216 1
3 217 1
5 218 1
1 219 1
2 219 1
3 220 1
8 221 1
11 222 1
8 223 1
5 224 1
12 224 2
0 225 1
1 225 1
2 225 1
7 225 1
2 226 2
12 227 1
3 228 1
0 229 1
5 230 1
0 231 5
3 231 2
4 231 1
6 231 2
4 232 1
0 233 1
5 234 1
6 235 1
0 236 1
4 237 1
1 238 3
4 238 1
3 239 1
2 240 1
0 241 1
0 242 1
10 243 1
12 244 1
0 245 1
4 246 1
4 247 1
8 248 1
1 249 1
2 250 1
5 251 1
4 252 1
6 252 1
0 253 1
5 254 1
5 255 1
11 256 1
2 257 1
12 258 1
